4.934664398845572578e+03
1.704690484071398714e+03
1.150236106372393806e+03
9.091649612443998194e+02
7.727994282318943533e+02
6.960634417435404657e+02
6.521767799452089776e+02
6.199328924700380412e+02
5.886542863779567369e+02
5.600778625995966422e+02
5.428167969912099124e+02
5.249728356710858179e+02
5.117215347757739892e+02
5.020104814187309330e+02
4.866441560276575160e+02
4.780390726192142665e+02
4.666350810256408863e+02
4.593468044554381891e+02
4.432487848755384903e+02
4.354652169401360311e+02
4.338951228524405224e+02
4.252437489557246977e+02
4.168642625526031793e+02
4.101281385836493882e+02
4.045297601498396602e+02
4.003624267658826170e+02
3.960581268560720787e+02
3.959320367372508827e+02
3.865570178912872734e+02
3.867664382721445691e+02
3.820125604745020382e+02
3.809338955546662078e+02
3.792282385149434845e+02
3.720314961508219653e+02
3.675492547401560159e+02
3.677661927463910843e+02
3.637617558623447849e+02
3.650531663685334252e+02
3.614640445829821829e+02
3.554810258210712846e+02
3.553298076794067697e+02
3.542295053366826778e+02
3.519047279426689556e+02
3.530309826834177898e+02
3.479201752199795123e+02
3.475080282007395454e+02
3.462844426264014146e+02
3.374507926359318049e+02
3.347130905038752076e+02
3.366194476400381177e+02
3.322391101041058050e+02
3.340705263900949262e+02
3.307292726204327096e+02
3.324387288414882278e+02
3.287757427227406311e+02
3.287594811182989361e+02
3.296398087316348438e+02
3.281791579033327366e+02
3.302436143275501763e+02
3.273973737661146970e+02
3.245820269977730845e+02
3.235935420495235917e+02
3.254133785077320908e+02
3.239063505069147482e+02
3.212354681099063214e+02
3.257481647238988103e+02
3.216900753954166134e+02
3.226771445252458079e+02
3.210772961686373037e+02
3.187563824055128521e+02
3.197723397240889653e+02
3.197774636817269993e+02
3.195947480334580177e+02
3.163559937294502333e+02
3.151428768322020915e+02
3.169178316736403644e+02
3.161818723757685348e+02
3.145396916777175420e+02
3.145386552260203530e+02
3.146097764025904553e+02
3.155553077741589618e+02
3.105261159649656975e+02
3.123472198325658837e+02
3.127478901060463841e+02
3.110749172332937746e+02
3.120480190463904933e+02
3.106220152404390547e+02
3.100072252554317629e+02
3.090569392705756400e+02
3.081247550729037812e+02
3.090647469622431345e+02
3.093859613796728922e+02
3.097745366177541655e+02
3.078624658209287759e+02
3.055337199759912892e+02
3.075842723173771560e+02
3.061423762080491429e+02
3.049065119382048010e+02
3.032505715254147276e+02
3.007821907853955281e+02
2.988506250886541125e+02
3.009274854583230194e+02
2.995755743512821141e+02
2.989479263136557847e+02
2.990055887929481173e+02
2.986336387709292808e+02
2.990154387486463179e+02
2.977231575311352003e+02
2.982483177072260219e+02
2.970099293753530674e+02
2.972423517543696221e+02
2.973564730502838529e+02
2.949285431843604783e+02
2.977372960641951067e+02
2.977250652282510828e+02
2.960192548288394505e+02
2.926003334024684364e+02
2.936936444744890764e+02
2.944145778264696105e+02
2.948055684857034180e+02
2.958046209085565579e+02
2.944794285889757930e+02
2.950620758807162929e+02
2.945715222288433779e+02
2.946080763804659455e+02
2.909909331704612327e+02
2.928689719922159043e+02
2.925597247605564917e+02
2.925613075416099491e+02
2.919083350019924978e+02
2.929219214531579496e+02
2.904951500762301748e+02
2.906535945693973986e+02
2.915163833060958041e+02
2.917071578293163725e+02
2.923746648876902441e+02
2.924637554458583963e+02
2.897887063143697333e+02
2.916217149617617679e+02
2.888570272161068715e+02
2.885423945313615377e+02
2.879073480789078303e+02
2.880622368989622260e+02
2.908440804096226202e+02
2.896399096031728959e+02
2.884021586350679058e+02
2.899885306288755373e+02
2.915778588711947350e+02
2.924700953932964467e+02
2.925983462405783371e+02
3.036116061812722933e+02
2.992599434254205448e+02
2.996016934232287667e+02
3.007755378703926681e+02
2.972640819553256506e+02
2.963070852714153602e+02
3.000838963326839348e+02
2.974371031039461855e+02
2.945372955986505303e+02
2.959227873598860015e+02
2.964960549264686165e+02
2.971573613873980548e+02
2.949449698380365135e+02
2.970778765930637064e+02
2.951202598315049954e+02
2.966508078956715053e+02
2.954454157606988360e+02
2.958315564368512014e+02
2.898848585594318479e+02
2.931957797522478018e+02
2.929668779477264593e+02
2.933209153162850384e+02
2.888815569449847658e+02
2.902336003683507215e+02
2.897917398828364526e+02
