4.372624206542968750e+01
7.187461090087890625e+01
3.246892929077148438e+01
1.222346191406250000e+02
1.225017013549804688e+02
9.704625701904296875e+01
5.273503112792968750e+01
6.383618164062500000e+01
6.430746459960937500e+01
7.280105590820312500e+01
7.217541503906250000e+01
1.058120574951171875e+02
1.132505035400390625e+02
2.726366615295410156e+01
1.229337768554687500e+02
8.723965454101562500e+01
1.147386703491210938e+02
1.197607574462890625e+02
1.197588119506835938e+02
5.413042068481445312e+01
1.690066719055175781e+01
1.141246948242187500e+02
7.639785003662109375e+01
1.271333503723144531e+01
6.838854217529296875e+01
7.512716770172119141e+00
1.117008590698242188e+02
1.174292984008789062e+02
1.139556274414062500e+02
8.550030517578125000e+01
7.635363006591796875e+01
6.166785812377929688e+01
6.278513336181640625e+01
1.181725845336914062e+02
9.510224151611328125e+01
1.183644332885742188e+02
1.216391296386718750e+02
2.611876487731933594e+01
8.815317153930664062e+00
3.799539566040039062e+01
1.201386032104492188e+02
1.159316635131835938e+02
1.096954116821289062e+02
9.390837097167968750e+01
1.221448287963867188e+02
6.477835178375244141e+00
1.193954467773437500e+02
5.599026870727539062e+01
9.975276184082031250e+01
1.215123462677001953e+01
8.839422607421875000e+01
1.191585388183593750e+02
1.009362182617187500e+02
1.236898880004882812e+02
5.251909255981445312e+01
1.012223587036132812e+02
6.978826904296875000e+01
4.479886245727539062e+01
4.022270584106445312e+01
1.155969696044921875e+02
1.233731842041015625e+02
4.931631088256835938e+01
1.166836166381835938e+02
2.910536956787109375e+01
1.220973434448242188e+02
1.042509002685546875e+02
1.100684585571289062e+02
1.030447311401367188e+02
1.203111267089843750e+02
5.363037109375000000e+01
2.868229103088378906e+01
5.243044281005859375e+01
1.195961990356445312e+02
1.209987106323242188e+02
3.992716217041015625e+01
2.800366783142089844e+01
7.041652679443359375e+01
2.053836822509765625e+01
2.043252372741699219e+01
1.223902587890625000e+02
1.650691223144531250e+01
3.458813428878784180e+00
1.220778884887695312e+02
1.138888397216796875e+02
8.164392089843750000e+01
2.008503723144531250e+01
5.963570785522460938e+01
1.216724166870117188e+02
4.638811492919921875e+01
5.512468719482421875e+01
9.736749267578125000e+01
1.256000995635986328e+01
6.201485443115234375e+01
7.007422924041748047e+00
1.155776519775390625e+02
8.850094604492187500e+01
1.233327484130859375e+02
1.724604225158691406e+01
8.560083389282226562e+00
2.606021690368652344e+01
