5.307562637329101562e+01
3.912881851196289062e+01
9.074132537841796875e+01
1.232435073852539062e+02
1.068937606811523438e+02
1.228245925903320312e+02
6.657499694824218750e+01
8.218349456787109375e+00
7.454811859130859375e+01
1.045088043212890625e+02
1.811321640014648438e+01
7.562204742431640625e+01
6.925006103515625000e+01
2.508014869689941406e+01
1.232299346923828125e+02
1.212404251098632812e+02
7.247270965576171875e+01
6.100031661987304688e+01
1.160793991088867188e+02
1.220592689514160156e+01
4.378373336791992188e+01
1.181001205444335938e+02
2.141581535339355469e+01
9.539542388916015625e+01
1.035218124389648438e+02
9.621493530273437500e+01
1.231522293090820312e+02
3.048970794677734375e+01
2.852201652526855469e+01
1.231782302856445312e+02
7.352787017822265625e+01
2.135344696044921875e+01
7.857250213623046875e+01
9.622827911376953125e+01
1.613472938537597656e+01
1.022078628540039062e+02
1.474430465698242188e+01
6.614733886718750000e+01
3.199318695068359375e+01
1.117407150268554688e+02
3.717965316772460938e+01
9.858475494384765625e+01
1.216815414428710938e+02
3.668263244628906250e+01
9.883051300048828125e+01
3.348984146118164062e+01
8.993113708496093750e+01
1.231218795776367188e+02
1.232275314331054688e+02
1.200564804077148438e+02
7.148682403564453125e+01
1.232286758422851562e+02
1.224874954223632812e+02
1.190170669555664062e+02
1.826690673828125000e+01
1.163007812500000000e+02
1.189978637695312500e+02
1.463369369506835938e+01
4.342246627807617188e+01
1.204947128295898438e+02
4.787001419067382812e+01
2.233555221557617188e+01
1.189839859008789062e+02
2.619014930725097656e+01
5.022692489624023438e+01
3.134076881408691406e+01
4.942075729370117188e+01
1.918314170837402344e+01
1.212559738159179688e+02
2.580026245117187500e+01
8.722617340087890625e+01
1.223013839721679688e+02
1.230406875610351562e+02
9.703834533691406250e+01
7.788143157958984375e+01
9.483989715576171875e+01
9.906221771240234375e+01
1.063980484008789062e+02
3.613001632690429688e+01
8.848612976074218750e+01
1.232199249267578125e+02
1.232388687133789062e+02
3.755399322509765625e+01
1.227879104614257812e+02
9.732868194580078125e+01
7.733206939697265625e+01
1.195928421020507812e+02
4.871852111816406250e+01
1.229305191040039062e+02
1.232390823364257812e+02
1.233201828002929688e+02
1.204654998779296875e+02
6.588620758056640625e+01
1.230851211547851562e+02
1.142532958984375000e+02
5.200085067749023438e+01
1.827559089660644531e+01
1.204053306579589844e+01
7.209981918334960938e+00
3.477479171752929688e+01
1.231141586303710938e+02
5.306747817993164062e+01
9.095903778076171875e+01
8.540386199951171875e+01
1.156106185913085938e+02
1.231529998779296875e+02
3.765702438354492188e+01
1.107238006591796875e+01
1.088639297485351562e+02
1.858854293823242188e+01
1.371590232849121094e+01
1.058672256469726562e+02
1.814299201965332031e+01
1.169993667602539062e+02
2.574043273925781250e+01
5.934393692016601562e+01
7.445050811767578125e+01
3.034269332885742188e+01
1.232740554809570312e+02
4.359943008422851562e+01
7.874361419677734375e+01
1.131929016113281250e+01
1.229170303344726562e+02
1.056808853149414062e+02
1.223044891357421875e+02
1.232999572753906250e+02
6.614117431640625000e+01
7.655436706542968750e+01
1.232100296020507812e+02
3.863369750976562500e+01
6.523730754852294922e+00
1.168471298217773438e+02
1.215797958374023438e+02
8.616635894775390625e+01
1.223507232666015625e+02
1.161510772705078125e+02
1.232444992065429688e+02
3.684289169311523438e+01
1.183322372436523438e+02
5.733148574829101562e+01
1.224425277709960938e+02
7.199366760253906250e+01
1.233164138793945312e+02
6.789190673828125000e+01
4.457202529907226562e+01
1.637604522705078125e+01
8.585878753662109375e+01
7.487075042724609375e+01
3.612431335449218750e+01
1.250506019592285156e+01
1.229428100585937500e+02
1.240600776672363281e+01
6.823840141296386719e+00
1.232514648437500000e+02
1.175577163696289062e+02
1.207751235961914062e+02
9.567066192626953125e+01
1.231819381713867188e+02
9.504117584228515625e+01
1.233247756958007812e+02
8.159239959716796875e+01
1.225331573486328125e+02
1.233052902221679688e+02
7.963373565673828125e+01
3.152906036376953125e+01
1.162688636779785156e+01
2.875628280639648438e+01
7.013077545166015625e+01
6.707071685791015625e+01
4.629383468627929688e+01
6.034196090698242188e+01
1.156739807128906250e+01
9.075748443603515625e+00
1.450756645202636719e+01
1.233144607543945312e+02
8.128211975097656250e+00
1.925772666931152344e+01
9.290796661376953125e+01
1.065182876586914062e+02
4.959946823120117188e+01
8.621314239501953125e+01
7.872511291503906250e+01
7.005747222900390625e+01
1.208623580932617188e+02
7.234786224365234375e+01
1.145295715332031250e+02
1.631223487854003906e+01
1.230045852661132812e+02
1.220326766967773438e+02
4.220920181274414062e+01
1.731710243225097656e+01
5.584909820556640625e+01
7.937303924560546875e+01
9.588103485107421875e+01
1.536523056030273438e+01
1.231990585327148438e+02
8.585494232177734375e+01
1.168865585327148438e+02
1.171672058105468750e+02
1.189098434448242188e+02
1.995124053955078125e+01
1.224744491577148438e+02
1.232381668090820312e+02
7.337963867187500000e+01
1.542539405822753906e+01
8.481020355224609375e+01
1.179445877075195312e+02
1.989116287231445312e+01
9.932523345947265625e+01
1.180245285034179688e+02
6.237330245971679688e+01
1.181082534790039062e+02
6.664726257324218750e+01
8.082440185546875000e+01
5.008265304565429688e+01
3.336686325073242188e+01
1.233264846801757812e+02
1.195026931762695312e+02
1.222566299438476562e+02
1.229202270507812500e+02
1.229407424926757812e+02
4.385535430908203125e+01
1.203663482666015625e+02
8.385643005371093750e+01
9.247917175292968750e+01
1.628634643554687500e+01
1.231872100830078125e+02
1.078901100158691406e+01
1.755032157897949219e+01
4.103930664062500000e+01
1.232677078247070312e+02
1.220222549438476562e+02
1.142446517944335938e+02
3.777244186401367188e+01
1.233047790527343750e+02
9.669925689697265625e+01
2.203707313537597656e+01
