1.041023731231689453e+01
6.040290832519531250e+01
8.489438629150390625e+01
5.838461685180664062e+01
1.360265541076660156e+01
1.122278823852539062e+02
1.142568874359130859e+01
4.763373565673828125e+01
2.025926017761230469e+01
1.219954757690429688e+02
1.833138275146484375e+01
1.236327438354492188e+02
3.195953941345214844e+01
1.012582397460937500e+01
6.607714843750000000e+01
1.213005905151367188e+02
4.908470153808593750e+01
1.210536117553710938e+02
2.349752998352050781e+01
6.345137786865234375e+01
1.017136535644531250e+02
1.423038959503173828e+01
1.165030364990234375e+02
6.930239105224609375e+01
7.185984039306640625e+01
1.171833877563476562e+02
1.234011001586914062e+02
1.206473159790039062e+02
9.084335327148437500e+01
1.210728378295898438e+02
2.462988090515136719e+01
5.091616439819335938e+01
1.231041793823242188e+02
6.045838928222656250e+01
9.396933746337890625e+01
1.222614212036132812e+02
4.919776153564453125e+01
4.408489227294921875e+01
1.897733688354492188e+01
4.000101470947265625e+01
3.785572814941406250e+01
3.559452056884765625e+01
1.089782142639160156e+01
2.456684684753417969e+01
1.228432159423828125e+02
1.222411727905273438e+02
3.050438117980957031e+01
1.133712844848632812e+02
1.364602470397949219e+01
1.231239547729492188e+02
6.810935211181640625e+01
5.597436141967773438e+01
1.235899047851562500e+02
1.183184738159179688e+02
1.235757827758789062e+02
1.235635910034179688e+02
2.096828460693359375e+01
9.565291595458984375e+01
9.343352508544921875e+01
3.827169799804687500e+01
3.352300262451171875e+01
2.231843185424804688e+01
5.071727752685546875e+00
1.093749465942382812e+02
1.176255722045898438e+02
5.316390991210937500e+01
9.118350982666015625e+01
1.611672401428222656e+01
1.233893203735351562e+02
6.903466033935546875e+01
7.515869140625000000e+01
9.759406280517578125e+01
7.315816497802734375e+01
6.136676406860351562e+01
7.461073303222656250e+01
4.936635589599609375e+01
1.165999832153320312e+02
4.889861583709716797e+00
1.234041519165039062e+02
1.160573730468750000e+02
1.472362041473388672e+01
5.642905426025390625e+01
1.061375656127929688e+02
2.015902519226074219e+01
5.918581390380859375e+01
8.782102203369140625e+01
1.454834365844726562e+01
4.828317642211914062e+00
7.209757232666015625e+01
1.229303817749023438e+02
1.194905014038085938e+02
5.986180114746093750e+01
2.630397415161132812e+01
1.038301944732666016e+01
7.332143402099609375e+01
1.033471679687500000e+01
1.857903671264648438e+01
1.166994857788085938e+02
6.873859405517578125e+00
6.914769172668457031e+00
9.044278717041015625e+01
1.231557083129882812e+02
1.000680084228515625e+02
6.666750335693359375e+01
1.130292892456054688e+02
2.874159622192382812e+01
8.567931365966796875e+01
2.583555793762207031e+01
4.932286834716796875e+01
1.234968338012695312e+02
9.357492065429687500e+01
4.321839141845703125e+01
4.938979625701904297e+00
7.374216461181640625e+01
6.836305999755859375e+01
1.218694686889648438e+02
2.834430122375488281e+01
9.846533203125000000e+01
1.193741226196289062e+02
6.601025581359863281e+00
9.578974151611328125e+01
9.009748077392578125e+01
7.600011444091796875e+01
1.179900817871093750e+02
8.192048645019531250e+01
9.067395782470703125e+01
1.235115280151367188e+02
4.626183319091796875e+01
6.595980834960937500e+01
6.612984657287597656e+00
1.234071350097656250e+02
7.537169647216796875e+01
8.507834625244140625e+01
4.968048095703125000e+00
1.149935989379882812e+02
5.530735015869140625e+01
1.201843109130859375e+02
2.426261711120605469e+01
5.129602050781250000e+01
4.757380676269531250e+01
7.887430572509765625e+01
2.084264183044433594e+01
7.456000518798828125e+01
1.858052253723144531e+01
1.217327270507812500e+02
3.681300354003906250e+01
6.999950408935546875e+01
1.214981918334960938e+02
1.202749099731445312e+02
1.188339309692382812e+02
1.181157302856445312e+02
1.130797958374023438e+02
1.231259689331054688e+02
2.441921234130859375e+01
6.586756706237792969e+00
5.393850708007812500e+01
2.318439483642578125e+01
7.158011627197265625e+01
6.914415740966796875e+01
1.485913181304931641e+01
1.236334915161132812e+02
1.191617965698242188e+02
1.187399291992187500e+02
8.597121429443359375e+01
1.059490890502929688e+02
1.234845809936523438e+02
2.359412574768066406e+01
1.024075088500976562e+02
1.459226894378662109e+01
9.457762145996093750e+01
1.227997665405273438e+02
3.119118690490722656e+01
1.120899868011474609e+01
9.569101715087890625e+01
3.227908325195312500e+01
1.015270614624023438e+02
5.816532516479492188e+01
1.297506046295166016e+01
6.415230560302734375e+01
1.234861068725585938e+02
1.579724216461181641e+01
1.687322998046875000e+01
9.410140228271484375e+01
1.234418029785156250e+02
4.137345123291015625e+01
1.583649349212646484e+01
1.199306716918945312e+02
2.606283378601074219e+01
3.079775619506835938e+01
1.131140060424804688e+02
5.601982116699218750e+01
1.234471817016601562e+02
1.217336807250976562e+02
5.529887008666992188e+01
1.228192214965820312e+02
8.102745819091796875e+01
1.180059127807617188e+02
1.224031295776367188e+02
1.233782730102539062e+02
1.098293228149414062e+02
4.310520935058593750e+01
1.151985549926757812e+02
1.091845703125000000e+01
3.761279678344726562e+01
6.497492790222167969e+00
8.189753532409667969e+00
6.733341979980468750e+01
7.868659210205078125e+01
9.656258392333984375e+01
1.000815353393554688e+02
7.756388092041015625e+01
1.235153884887695312e+02
1.235940475463867188e+02
6.953656768798828125e+01
1.220856857299804688e+02
1.229390182495117188e+02
5.100646972656250000e+01
1.233831100463867188e+02
9.177910804748535156e+00
7.523998260498046875e+01
4.972548484802246094e+00
8.619460296630859375e+01
8.200240325927734375e+01
1.231321029663085938e+02
1.067463016510009766e+01
9.870362091064453125e+01
9.600820159912109375e+01
7.630693817138671875e+01
1.027043457031250000e+02
1.505653667449951172e+01
4.336126708984375000e+01
1.234021453857421875e+02
7.260414123535156250e+01
9.904945373535156250e+01
1.235916137695312500e+02
9.823050498962402344e+00
1.180991592407226562e+02
1.108302078247070312e+02
5.887582778930664062e+00
9.527516174316406250e+01
1.234348526000976562e+02
4.889104843139648438e+01
1.211599502563476562e+02
5.403356552124023438e+00
1.008046951293945312e+02
8.267067909240722656e+00
5.449974822998046875e+01
3.316486358642578125e+01
1.208665847778320312e+02
1.212466506958007812e+02
5.679615402221679688e+01
1.012506484985351562e+02
8.673719024658203125e+01
