2.921664810180664062e+01
5.140161514282226562e+01
9.992359161376953125e+01
9.143032073974609375e+01
8.799134063720703125e+01
1.062512283325195312e+02
8.552397918701171875e+01
2.028937339782714844e+01
1.121574249267578125e+02
1.205688781738281250e+02
1.356139087677001953e+01
6.893099212646484375e+01
1.037443389892578125e+02
2.311165046691894531e+01
1.227609558105468750e+02
1.128084335327148438e+02
1.083899459838867188e+02
1.045594329833984375e+02
1.150587921142578125e+02
1.330062389373779297e+01
4.287979888916015625e+01
1.113568191528320312e+02
3.715085601806640625e+01
1.053470611572265625e+02
9.097771453857421875e+01
8.842797088623046875e+01
1.193903274536132812e+02
1.108350849151611328e+01
2.513416671752929688e+01
1.228945007324218750e+02
8.601664733886718750e+01
3.084207725524902344e+01
7.378890228271484375e+01
5.742225646972656250e+01
2.218666839599609375e+01
7.606164550781250000e+01
9.142601013183593750e+00
9.415747833251953125e+01
1.919660186767578125e+01
1.081086120605468750e+02
4.009842300415039062e+01
8.328109741210937500e+01
1.154494400024414062e+02
4.186651611328125000e+01
6.154958343505859375e+01
3.563418960571289062e+01
1.014310684204101562e+02
1.238467330932617188e+02
1.249699325561523438e+02
1.215274810791015625e+02
9.929071807861328125e+01
1.154657974243164062e+02
9.277046203613281250e+01
1.166567916870117188e+02
1.352499008178710938e+01
1.220459060668945312e+02
1.154582214355468750e+02
3.700026321411132812e+01
3.806611633300781250e+01
1.203286819458007812e+02
7.136454010009765625e+01
1.752032470703125000e+01
8.588076019287109375e+01
4.328174591064453125e+01
3.604719543457031250e+01
1.736270141601562500e+01
5.064938354492187500e+01
2.074034881591796875e+01
1.234282836914062500e+02
5.121757507324218750e+01
1.050107345581054688e+02
1.085355072021484375e+02
1.176264038085937500e+02
5.406649780273437500e+01
1.009991760253906250e+02
9.032698059082031250e+01
1.006718826293945312e+02
1.197620315551757812e+02
2.341655731201171875e+01
1.187709960937500000e+02
1.223875579833984375e+02
1.111751937866210938e+02
4.873458480834960938e+01
1.130005340576171875e+02
1.010110397338867188e+02
7.320832061767578125e+01
5.929674911499023438e+01
4.964063262939453125e+01
1.129117202758789062e+02
1.238672256469726562e+02
1.147022094726562500e+02
1.154890518188476562e+02
9.513298797607421875e+01
1.089810333251953125e+02
1.195366363525390625e+02
4.333874511718750000e+01
1.651864814758300781e+01
1.768807411193847656e+01
2.023682403564453125e+01
1.801963996887207031e+01
1.235697402954101562e+02
7.464646148681640625e+01
6.869714355468750000e+01
8.623277282714843750e+01
1.157333450317382812e+02
1.214429779052734375e+02
4.146070098876953125e+01
2.331488800048828125e+01
1.026714172363281250e+02
2.364950370788574219e+01
2.855343246459960938e+01
1.126352996826171875e+02
2.283722877502441406e+01
1.184977416992187500e+02
1.890859985351562500e+01
6.974242401123046875e+01
1.027389297485351562e+02
3.478403472900390625e+01
1.219532089233398438e+02
3.384110260009765625e+01
5.670207214355468750e+01
1.559279537200927734e+01
1.092212600708007812e+02
1.223022460937500000e+02
1.180522766113281250e+02
1.155663833618164062e+02
7.990579986572265625e+01
1.118927459716796875e+02
1.230688858032226562e+02
3.746274948120117188e+01
1.058584022521972656e+01
1.151508865356445312e+02
7.936637878417968750e+01
8.526966094970703125e+01
1.217664184570312500e+02
1.057089691162109375e+02
1.179440307617187500e+02
5.250517272949218750e+01
1.170357284545898438e+02
8.242115783691406250e+01
1.231818161010742188e+02
6.728405761718750000e+01
1.188396377563476562e+02
7.127199554443359375e+01
4.630532836914062500e+01
2.571966171264648438e+01
1.121292648315429688e+02
1.132736740112304688e+02
3.549235153198242188e+01
1.685386466979980469e+01
1.159582138061523438e+02
1.676740074157714844e+01
2.684035873413085938e+01
1.162630081176757812e+02
1.008880233764648438e+02
1.055884552001953125e+02
1.141626434326171875e+02
1.121309204101562500e+02
1.197609481811523438e+02
1.120083541870117188e+02
8.240571594238281250e+01
1.173755569458007812e+02
1.215795898437500000e+02
9.491259765625000000e+01
2.140955162048339844e+01
1.112657165527343750e+01
1.227443027496337891e+01
9.609690093994140625e+01
9.483295440673828125e+01
2.871221160888671875e+01
1.164055175781250000e+02
1.543283653259277344e+01
2.607675743103027344e+01
1.393609333038330078e+01
1.227272720336914062e+02
1.495437526702880859e+01
1.755782890319824219e+01
4.291985702514648438e+01
1.171890106201171875e+02
3.993601608276367188e+01
1.168540649414062500e+02
1.012936553955078125e+02
6.115399551391601562e+01
1.213022079467773438e+02
8.497574615478515625e+01
6.503884887695312500e+01
2.690587043762207031e+01
1.219284286499023438e+02
1.180737075805664062e+02
4.537794494628906250e+01
1.322068023681640625e+01
4.597398757934570312e+01
8.158547973632812500e+01
1.103155899047851562e+02
7.709677219390869141e+00
1.240855560302734375e+02
1.005877914428710938e+02
1.024021835327148438e+02
1.157853012084960938e+02
1.094965591430664062e+02
1.334314250946044922e+01
1.155783004760742188e+02
1.166206283569335938e+02
9.548226928710937500e+01
1.645806503295898438e+01
1.063908691406250000e+02
1.180079498291015625e+02
1.229966735839843750e+01
8.056421661376953125e+01
1.204134979248046875e+02
3.935759353637695312e+01
1.192628784179687500e+02
7.541517639160156250e+01
5.616098785400390625e+01
5.102381134033203125e+01
1.749268531799316406e+01
1.208566207885742188e+02
1.179765167236328125e+02
1.229909667968750000e+02
1.245370712280273438e+02
1.190395431518554688e+02
3.631143188476562500e+01
1.215405578613281250e+02
1.113945083618164062e+02
4.663053894042968750e+01
2.819866752624511719e+01
1.134813690185546875e+02
1.853192901611328125e+01
2.559156608581542969e+01
3.988119888305664062e+01
1.188206787109375000e+02
9.659558868408203125e+01
1.138810424804687500e+02
3.873876953125000000e+01
1.179904098510742188e+02
9.308446502685546875e+01
3.735725784301757812e+01
