5.209802335439060698e+03
1.858673220511818045e+03
1.377345226673915022e+03
1.079133319507072656e+03
9.068162382734053608e+02
8.179548075721081659e+02
7.433178634524937252e+02
6.938706833679917736e+02
6.619759959263743667e+02
6.267657425786455860e+02
6.016676935563215238e+02
5.773308358384845178e+02
5.528650010839648985e+02
5.404320006406906032e+02
5.217519366224167925e+02
5.062440487672479890e+02
4.952707615261596175e+02
4.861595103943860749e+02
4.796403971563536857e+02
4.723289975627871513e+02
4.629278561154416138e+02
4.568833786624166464e+02
4.460994070873117607e+02
4.452664972758446993e+02
4.373348517434500309e+02
4.333598041733532682e+02
4.300780857205082270e+02
4.254518313660313993e+02
4.217608361284093803e+02
4.172110815270626176e+02
4.148720926307524905e+02
4.108764899184581054e+02
4.074488274282041971e+02
4.045371080058097846e+02
4.013207436458005759e+02
3.978330255419318178e+02
3.957301867035922101e+02
3.948508664136318771e+02
3.911489833685773760e+02
3.895869036738256455e+02
3.849129918180988170e+02
3.858130199759702350e+02
3.840058873055767776e+02
3.797099841143206618e+02
3.778834282853949844e+02
3.753278933854321053e+02
3.755410720397040905e+02
3.733298234962875313e+02
3.703180221994809358e+02
3.663332329426191905e+02
3.653669331830832903e+02
3.668368391140213021e+02
3.605342034404650349e+02
3.598551390169109254e+02
3.608166555601088703e+02
3.564235712956418638e+02
3.552448399377767601e+02
3.573324053462079064e+02
3.534494741762770786e+02
3.520848226199153714e+02
3.490804428447402188e+02
3.478987838938294885e+02
3.495769280656557498e+02
3.466595789713854856e+02
3.466030866866232714e+02
3.443048911681754021e+02
3.443581693715237861e+02
3.394306318797516155e+02
3.401019486251992703e+02
3.370433614952113999e+02
3.398008745921711125e+02
3.375241147814667784e+02
3.368837578422516685e+02
3.345597059504482900e+02
3.339299737963200414e+02
3.343265282033664789e+02
3.346629128930940738e+02
3.320797887039438478e+02
3.312002743346585021e+02
3.282729100703028280e+02
3.310773916449970216e+02
3.291090303684945297e+02
3.306721473265128566e+02
3.266420001956812484e+02
3.267648811410937810e+02
3.266170009828526304e+02
3.244912087730045869e+02
3.238934765216502569e+02
3.221607549453705133e+02
3.251749925037964886e+02
3.213645653764562553e+02
3.192315385710736564e+02
3.222818261895886280e+02
3.203445003388361556e+02
3.190770607031344070e+02
3.207945466762098476e+02
3.172807232661948547e+02
3.187734876110065443e+02
3.176928713106514124e+02
3.185641349373928506e+02
3.037251915063361025e+02
3.011177373764210188e+02
3.042382973927893772e+02
3.005768617680287207e+02
2.974783639320033330e+02
2.996518461171486365e+02
2.979079747099775659e+02
2.972952048825878251e+02
2.987786714619447253e+02
2.952146340236554352e+02
2.910053640104505916e+02
2.877213018372926285e+02
2.876066529157914147e+02
2.887853238606504078e+02
2.860112713853346804e+02
2.870564132767491969e+02
2.850230891699957283e+02
2.851838340245863037e+02
2.825016252992835462e+02
2.828795009824757472e+02
2.829239815512989367e+02
2.812429413670521967e+02
2.818418057884342147e+02
2.810524252157706542e+02
2.791766131277575482e+02
2.804065605774224537e+02
2.772594631363214148e+02
2.795661717200034104e+02
2.778732372368563119e+02
2.775173884954396613e+02
2.774298120976415021e+02
2.771003032236374679e+02
2.775447194901749413e+02
2.778194814921213265e+02
2.794140801098021711e+02
2.774141287592711365e+02
2.771551189581473409e+02
2.746066106774426885e+02
2.765742871420075630e+02
2.793559314892499401e+02
2.756810264445179541e+02
2.764648603091692394e+02
2.769504249621371628e+02
2.754575934733753115e+02
2.749740507364455766e+02
2.753927789992376347e+02
2.735555434543586557e+02
2.732574185348426568e+02
2.741701941583853568e+02
2.753269492344304012e+02
2.767210804531186454e+02
2.730856446009694309e+02
2.730525381249190673e+02
2.743131772224924134e+02
2.744630034833113541e+02
2.736489029610509078e+02
2.719937312408764569e+02
2.742199633938830061e+02
2.758114020349284488e+02
2.749872376995641048e+02
2.746210963047648761e+02
2.712146371243136969e+02
2.720827278244731247e+02
2.734881015159170943e+02
2.727750409647588867e+02
2.737842259024378677e+02
2.722611230669515976e+02
2.736433857151421876e+02
2.735995146905402748e+02
2.716020743438318163e+02
2.729157675061719601e+02
2.713531528290229744e+02
2.723886534485768607e+02
2.722559687150628065e+02
2.720344636383980514e+02
2.731707264560713497e+02
2.731273206157407571e+02
2.710778395296381973e+02
2.713271379497302860e+02
2.743924069194420099e+02
2.711870742648971486e+02
2.738235332366258490e+02
2.738759135987625655e+02
2.738275368561708660e+02
2.745944019556581566e+02
2.719093519049579299e+02
2.759060946451198788e+02
2.757237329030390356e+02
2.757888436375064316e+02
2.715843772899278861e+02
2.721607420412021838e+02
2.729002095691531053e+02
2.737105813309991049e+02
2.728706569408871587e+02
2.718673268153788172e+02
2.723105517238888638e+02
2.730162749391207626e+02
2.713913658555846951e+02
2.720743976029069131e+02
2.757639506873185837e+02
