6.928245306630955383e+03
3.594785917007303851e+03
1.326164717133319982e+03
8.368435670475303141e+02
7.049229733382892391e+02
6.013614347787431598e+02
5.541040503988441515e+02
4.992547641540668906e+02
4.703092362887430227e+02
4.455413721989082205e+02
4.222061399022476849e+02
3.989345896056834135e+02
3.842720370363485358e+02
3.746453394140673936e+02
3.596322141397400287e+02
3.501549970838758554e+02
3.387501698423614016e+02
3.315617610106396569e+02
3.215950686779955845e+02
3.131857038539640712e+02
3.092598495124806846e+02
3.012405334174308109e+02
2.989712864052885379e+02
2.883106835089120068e+02
2.889562927349368238e+02
2.851185442346031778e+02
2.801207058686559321e+02
2.735108072178446150e+02
2.689639123193585988e+02
2.647683027936468534e+02
2.609601567151171935e+02
2.556627672662440318e+02
2.537224081323552696e+02
2.494162609265054869e+02
2.492117740023649333e+02
2.417858495576613223e+02
2.410510395698143213e+02
2.411907745034292532e+02
2.345539559559572069e+02
2.312230802850256453e+02
2.277361724627841966e+02
2.297717884740502541e+02
2.282033705032730211e+02
2.251843323444314535e+02
2.189129700636500502e+02
2.225484455202115441e+02
2.220729409896947288e+02
2.154890496410014293e+02
2.131096933222268319e+02
2.125258354946747659e+02
2.100575566687156197e+02
2.072911246645724646e+02
2.065570403417788157e+02
2.054660866045224168e+02
2.035584172330539445e+02
2.060565138767407518e+02
2.019498621770939337e+02
2.007333452779711820e+02
1.988126771987481902e+02
1.983010111511922844e+02
1.980197062905049847e+02
1.930084393984125199e+02
1.946592802662235897e+02
1.923142879624978434e+02
1.920511986419970469e+02
1.923240979773109132e+02
1.867285074118183843e+02
1.915586798387548981e+02
1.857670785734555920e+02
1.819097082543628687e+02
1.861519225626696539e+02
1.828445004547285464e+02
1.842014310688215630e+02
1.815586610475996565e+02
1.827605711727832158e+02
1.802641656269231873e+02
1.824474022187497440e+02
1.818015416888744937e+02
1.801313940159261620e+02
1.815696730575757556e+02
1.801127677841459160e+02
1.801056220502925669e+02
1.803137354828357104e+02
1.782632267079332848e+02
1.742238096488316330e+02
1.772996783007010890e+02
1.772229458303942238e+02
1.790744932456416052e+02
1.775250430531748975e+02
1.773113145822868262e+02
1.793776211505202980e+02
1.750042362250189285e+02
1.737538060203055466e+02
1.755294797433201950e+02
1.772747051862723993e+02
1.744954873807165541e+02
1.794071482202795664e+02
1.760588219184777472e+02
1.752762533858312963e+02
1.755331005678071108e+02
1.737333301597500110e+02
1.718854349949996845e+02
1.753628813649222025e+02
1.756210598482735747e+02
1.746797538231868145e+02
1.750617807322205408e+02
1.746823766796468078e+02
1.775326120790521145e+02
1.743977749126405854e+02
1.755157314730129769e+02
1.728886105032457863e+02
1.739582215579461320e+02
1.729742210203150421e+02
1.719701067738091638e+02
1.768456287330244550e+02
1.729420480007977972e+02
1.747527391668354255e+02
1.734385913663126644e+02
1.748598964189372964e+02
1.727347903848404087e+02
1.742108977537088776e+02
1.744768676451814429e+02
1.764560020911990250e+02
1.735662013316442938e+02
1.730392008618453303e+02
1.750690005080640219e+02
1.741540176755930531e+02
1.755069835997766461e+02
1.722824799672190181e+02
1.727933221032776885e+02
1.734897721705299602e+02
1.716295802023219892e+02
1.745742231267298052e+02
1.736455656012071245e+02
1.774890096604304972e+02
1.742338601762791086e+02
1.707357997120924722e+02
1.745271343076528581e+02
1.740238727775889629e+02
1.712432425089510559e+02
1.722784339994194056e+02
1.761957369519481347e+02
1.739162699677946193e+02
1.722750830222709055e+02
1.720888558407060600e+02
1.751742097324257372e+02
1.735904526002590842e+02
1.739040702852814775e+02
1.749060366408765219e+02
1.743701060214362144e+02
1.742016823784110215e+02
1.701107274715482447e+02
1.718545540961284814e+02
1.730557603795115540e+02
1.665616463761466548e+02
1.679883150854880682e+02
1.707887949349051553e+02
1.674853145221395891e+02
1.646330359881449397e+02
1.700962044518146001e+02
1.659587144001494323e+02
1.630520683061856744e+02
1.591674220373116952e+02
1.619071932356810635e+02
1.584993629034886737e+02
1.636223937425662314e+02
1.621329322273517164e+02
1.588308085121985300e+02
1.582548260316673066e+02
1.587471386103208886e+02
1.602815050333374529e+02
1.635220483798693181e+02
1.551251435872731577e+02
1.559947527119462904e+02
1.550452255132132393e+02
