8.260849575957645357e+03
3.491257141020040763e+03
1.021204210243493208e+03
6.780039679627030864e+02
5.789787036162649656e+02
5.064523448701278312e+02
4.632060824451627354e+02
4.349787965582810330e+02
4.059520245489999866e+02
3.812490741602696289e+02
3.584791279687987071e+02
3.373866687933555113e+02
3.234410112495395424e+02
3.102458737586347866e+02
2.977042641162337873e+02
2.909542525000358069e+02
2.874717653319019632e+02
2.784731247984764195e+02
2.696066971874149658e+02
2.601344597172817430e+02
2.526576377059791980e+02
2.524065759031189202e+02
2.411822063113098977e+02
2.392258327354759899e+02
2.325602594397560665e+02
2.273665412353490751e+02
2.226276628894613623e+02
2.231871469670369663e+02
2.150588844206853025e+02
2.131090939563844984e+02
2.095853053876855654e+02
2.057355973379397653e+02
2.012690476991455455e+02
1.995575910833001103e+02
1.974047088685207143e+02
1.972414294712071694e+02
1.916718515857852196e+02
1.880703363462285438e+02
1.876859522049411737e+02
1.840194823329858309e+02
1.826974899955552871e+02
1.780773360853295344e+02
1.796426148570498071e+02
1.733404043282907878e+02
1.737812030146158122e+02
1.700058997698429550e+02
1.667679931146450940e+02
1.667202734484401958e+02
1.651056316471692185e+02
1.638008548772702966e+02
1.630966702204928822e+02
1.604100852101504131e+02
1.621427087361317945e+02
1.557794023671719970e+02
1.579362127729680765e+02
1.568600151030154564e+02
1.580713987862314696e+02
1.532618904863577711e+02
1.520711009515765681e+02
1.525817104921963505e+02
1.527004014638839919e+02
1.518895994940677099e+02
1.521385551613476252e+02
1.485848638307466842e+02
1.460948764852696229e+02
1.487654320669946344e+02
1.453850579258380264e+02
1.496452273656229579e+02
1.468864222813167260e+02
1.461063436307517520e+02
1.455030327383279030e+02
1.450152700913511978e+02
1.441890847866277170e+02
1.437468176201776657e+02
1.438352838258464601e+02
1.444128618287948029e+02
1.435956723214846988e+02
1.418614150203771374e+02
1.440292033284753757e+02
1.434818786705010041e+02
1.433304060778533824e+02
1.401552938501513665e+02
1.407493723080568486e+02
1.415947868859213088e+02
1.394395980306598801e+02
1.426744874635069493e+02
1.397406404120141019e+02
1.398481721941183196e+02
1.392047345435040313e+02
1.380265793606588716e+02
1.408668944656709243e+02
1.377746734992102233e+02
1.404488175335138180e+02
1.381897039742707136e+02
1.400986633254161120e+02
1.398556718710714790e+02
1.385769729109205741e+02
1.397678622657503240e+02
1.399537030468769956e+02
1.404743195838823340e+02
1.367029531237816684e+02
1.378204159253434398e+02
1.375080655015696323e+02
1.380067738300793110e+02
1.383597980300743302e+02
1.391644285897249915e+02
1.392983786193182425e+02
1.381571930021773085e+02
1.368069738366111210e+02
1.378836418553566148e+02
1.368847214554754430e+02
1.390469364252118680e+02
1.368571531189132600e+02
1.373297975926525964e+02
1.365786957508168484e+02
1.370887183571969103e+02
1.362535664983528534e+02
1.391933627207758377e+02
1.380643347097106073e+02
1.360890560544475534e+02
1.392956758058778917e+02
1.364655831299387501e+02
1.396382127166073701e+02
1.376583468239738863e+02
1.356136070940666798e+02
1.373465731370496314e+02
1.384358522217219445e+02
1.394295170441435232e+02
1.389051248791480191e+02
1.381416627142067455e+02
1.398052364341206726e+02
1.370895395796609080e+02
1.367775621671567023e+02
1.379073585427114494e+02
1.372134903316185159e+02
1.362309620833248687e+02
1.372514448871995114e+02
1.371493780079970009e+02
1.382611064528214513e+02
1.380051707761061266e+02
1.385581177795888834e+02
1.382053247784533880e+02
1.379814677562377483e+02
1.377087433392798346e+02
1.378124614699647736e+02
1.388231350340951451e+02
1.372384116661039855e+02
1.394495948288782756e+02
1.357470133379625281e+02
1.374151700326072785e+02
1.379616657008925245e+02
1.335407580521733166e+02
1.329667701087104774e+02
1.335732778717109852e+02
1.337217747749418777e+02
1.292147390792369777e+02
1.288970910994818553e+02
1.284250416512022639e+02
1.278786019071425955e+02
1.272891455596249557e+02
1.294006561022530946e+02
1.273131132834961790e+02
1.286347269905894564e+02
1.263217166425983038e+02
1.190915496907585549e+02
1.211671150427231964e+02
1.208215662293904131e+02
1.224420481493359034e+02
1.231691614092680709e+02
1.198706363104169128e+02
1.205622224197789478e+02
1.169380674737285375e+02
1.183891887689584337e+02
1.163591195214862068e+02
1.165780929553948226e+02
