1.113720245361328125e+02
1.263671798706054688e+02
4.436059570312500000e+01
1.093406600952148438e+02
1.030285263061523438e+02
1.224621582031250000e+02
1.053095245361328125e+02
9.876577758789062500e+01
1.217391510009765625e+02
1.061017150878906250e+02
9.788178253173828125e+01
1.057278213500976562e+02
8.322536468505859375e+01
1.153125686645507812e+02
1.004047317504882812e+02
1.132087860107421875e+02
4.865015792846679688e+01
2.619083976745605469e+01
8.875491333007812500e+01
1.260775470733642578e+01
6.796169281005859375e+01
1.273414916992187500e+02
1.225706253051757812e+02
1.789842605590820312e+01
1.060485382080078125e+02
1.173495407104492188e+02
8.145249938964843750e+01
1.034423446655273438e+02
1.171385269165039062e+02
1.143046569824218750e+02
9.000032424926757812e+00
5.265435409545898438e+01
1.194901199340820312e+02
8.922656178474426270e-01
1.196528053283691406e+01
2.363391304016113281e+01
1.873793983459472656e+01
6.165469741821289062e+01
1.220789108276367188e+02
2.935645484924316406e+01
1.861878204345703125e+01
6.963741302490234375e+00
6.076839828491210938e+01
1.137777709960937500e+02
7.993157958984375000e+01
3.952693176269531250e+01
1.159656600952148438e+02
1.162277984619140625e+02
1.508268451690673828e+01
8.475185394287109375e+01
1.223378677368164062e+02
2.905639076232910156e+01
2.698207855224609375e+01
1.233088607788085938e+02
1.205832290649414062e+02
1.492091274261474609e+01
9.891043090820312500e+01
5.049010467529296875e+01
9.679035949707031250e+01
1.137572860717773438e+02
1.809929847717285156e+01
4.645503997802734375e+01
7.524386596679687500e+01
2.673348617553710938e+01
1.243681335449218750e+02
1.813550186157226562e+01
1.203809051513671875e+02
9.917186737060546875e+00
1.247387313842773438e+02
1.021057739257812500e+02
1.086135177612304688e+02
6.447496795654296875e+01
1.133832931518554688e+02
1.195966415405273438e+02
1.071815948486328125e+02
6.699795722961425781e+00
2.651044082641601562e+01
1.255317459106445312e+02
7.384004974365234375e+01
1.141235351562500000e+02
5.843955516815185547e+00
6.163851737976074219e+00
1.269144134521484375e+02
9.250344085693359375e+01
1.288977661132812500e+02
1.070890274047851562e+02
1.166134033203125000e+02
1.257264862060546875e+02
1.131117401123046875e+02
2.771863365173339844e+01
2.548181915283203125e+01
2.083490943908691406e+01
5.123089599609375000e+01
7.664395141601562500e+01
1.139687576293945312e+02
1.061891174316406250e+02
9.009926605224609375e+01
8.342761230468750000e+01
1.211547164916992188e+02
1.443309593200683594e+01
