2.041498565673828125e+01
1.109992752075195312e+02
1.067814102172851562e+02
5.433160018920898438e+01
1.767175674438476562e+01
1.127906723022460938e+02
8.910873413085937500e+00
7.404559326171875000e+01
9.209363937377929688e+00
9.966627502441406250e+01
8.121425628662109375e+00
1.129036483764648438e+02
3.075679969787597656e+01
1.306341361999511719e+01
5.159776306152343750e+01
9.676373291015625000e+01
6.040865707397460938e+01
1.152704620361328125e+02
2.106366920471191406e+01
5.166866302490234375e+01
9.514321899414062500e+01
1.458877658843994141e+01
9.976083374023437500e+01
9.222740173339843750e+01
8.033291625976562500e+01
1.109198913574218750e+02
1.161704025268554688e+02
9.718084716796875000e+01
5.396366119384765625e+01
1.110590362548828125e+02
1.981817245483398438e+01
4.496126174926757812e+01
1.197110061645507812e+02
5.929336929321289062e+01
8.233380889892578125e+01
1.018719329833984375e+02
5.992359161376953125e+01
4.643090057373046875e+01
3.025379180908203125e+01
3.736445236206054688e+01
2.967752838134765625e+01
2.647985267639160156e+01
6.846617698669433594e+00
1.867975425720214844e+01
1.179504318237304688e+02
1.127938613891601562e+02
2.168682098388671875e+01
9.661980438232421875e+01
1.003909111022949219e+01
1.170807876586914062e+02
5.109531402587890625e+01
4.283689880371093750e+01
1.026869277954101562e+02
1.126705780029296875e+02
1.206011810302734375e+02
1.157049407958984375e+02
1.895920753479003906e+01
6.675932312011718750e+01
9.748384857177734375e+01
3.575872421264648438e+01
4.665196609497070312e+01
1.559663772583007812e+01
9.057525634765625000e+00
1.123479003906250000e+02
7.847777557373046875e+01
3.931922149658203125e+01
1.176598205566406250e+02
1.695024490356445312e+01
1.172659301757812500e+02
8.336305999755859375e+01
8.510137939453125000e+01
1.101658554077148438e+02
9.136234283447265625e+01
3.865042114257812500e+01
9.905801391601562500e+01
5.623583221435546875e+01
9.728018188476562500e+01
1.609044265747070312e+01
1.104186706542968750e+02
8.974620056152343750e+01
2.949102401733398438e+01
5.140876770019531250e+01
9.319427490234375000e+01
2.514940261840820312e+01
9.250374603271484375e+01
1.025458602905273438e+02
1.130375576019287109e+01
1.213966369628906250e+01
1.056539764404296875e+02
1.169098968505859375e+02
1.021790924072265625e+02
9.568788909912109375e+01
3.845502090454101562e+01
2.149843597412109375e+01
1.115824737548828125e+02
8.461810111999511719e+00
1.861387634277343750e+01
1.132440338134765625e+02
9.953603744506835938e+00
1.025396633148193359e+01
1.101496200561523438e+02
1.179536132812500000e+02
9.777142333984375000e+01
5.206940841674804688e+01
1.136683502197265625e+02
4.071987533569335938e+01
8.639832305908203125e+01
1.846391487121582031e+01
4.734360885620117188e+01
1.202570648193359375e+02
9.115013122558593750e+01
6.729417419433593750e+01
6.771154403686523438e+00
1.120738830566406250e+02
9.875703430175781250e+01
1.140905914306640625e+02
1.872904396057128906e+01
9.631314849853515625e+01
1.079234313964843750e+02
7.547880172729492188e+00
1.117285842895507812e+02
1.115265960693359375e+02
5.462475204467773438e+01
1.065538330078125000e+02
8.310353851318359375e+01
1.165091400146484375e+02
1.168338241577148438e+02
6.021747589111328125e+01
6.917362976074218750e+01
3.741621732711791992e+00
1.205418930053710938e+02
9.328155517578125000e+01
6.857334899902343750e+01
6.699378967285156250e+00
6.131411361694335938e+01
5.037561035156250000e+01
1.112913055419921875e+02
3.114614295959472656e+01
6.298850250244140625e+01
3.286370086669921875e+01
1.059956588745117188e+02
1.056970405578613281e+01
1.072029724121093750e+02
1.155874252319335938e+01
1.037176437377929688e+02
3.346829223632812500e+01
9.732641601562500000e+01
7.590148162841796875e+01
8.456074523925781250e+01
1.151749267578125000e+02
1.094968795776367188e+02
1.067299804687500000e+02
1.097468719482421875e+02
2.991170692443847656e+01
1.265832996368408203e+01
4.642709732055664062e+01
2.081663894653320312e+01
4.625518417358398438e+01
5.253375625610351562e+01
1.021310997009277344e+01
1.146820526123046875e+02
1.071597518920898438e+02
1.032123641967773438e+02
9.939556121826171875e+01
1.055360488891601562e+02
1.118835601806640625e+02
4.150453186035156250e+01
1.078086929321289062e+02
9.458618164062500000e+00
8.551675415039062500e+01
1.168871307373046875e+02
2.379552650451660156e+01
6.840309143066406250e+00
1.106797103881835938e+02
3.432872390747070312e+01
9.083234405517578125e+01
5.878203582763671875e+01
1.253366756439208984e+01
5.528326034545898438e+01
1.208912734985351562e+02
8.020896911621093750e+00
5.731804847717285156e+00
1.158568267822265625e+02
9.126522827148437500e+01
4.267310714721679688e+01
2.562526130676269531e+01
1.010531539916992188e+02
3.056573677062988281e+01
3.381391525268554688e+01
1.162782974243164062e+02
5.547963714599609375e+01
1.190288391113281250e+02
1.206092147827148438e+02
5.916677474975585938e+01
1.125617218017578125e+02
1.026664505004882812e+02
9.383544921875000000e+01
1.209459228515625000e+02
1.196964797973632812e+02
1.007498321533203125e+02
4.349027252197265625e+01
1.017337417602539062e+02
1.181549835205078125e+01
4.072450637817382812e+01
5.398812294006347656e+00
8.985160827636718750e+00
6.330970382690429688e+01
7.941892242431640625e+01
1.107281188964843750e+02
1.089098358154296875e+02
9.447241210937500000e+01
1.166138305664062500e+02
1.240505752563476562e+02
9.600612640380859375e+01
1.081169586181640625e+02
9.613518524169921875e+01
5.641405868530273438e+01
1.203947677612304688e+02
1.184602832794189453e+01
9.539087677001953125e+01
9.969975471496582031e+00
1.062355041503906250e+02
1.080917663574218750e+02
1.186292877197265625e+02
8.915307998657226562e+00
1.001847763061523438e+02
1.175180053710937500e+02
1.099306716918945312e+02
1.052135314941406250e+02
2.346581459045410156e+01
4.789254760742187500e+01
1.211041717529296875e+02
1.105650787353515625e+02
1.018558197021484375e+02
1.227891082763671875e+02
1.783372306823730469e+01
9.887818145751953125e+01
1.126627655029296875e+02
1.292931461334228516e+01
1.127173995971679688e+02
1.173259277343750000e+02
4.959483718872070312e+01
1.161889419555664062e+02
1.720364379882812500e+01
1.173889617919921875e+02
1.086973953247070312e+01
3.861032104492187500e+01
4.466132354736328125e+01
1.040815887451171875e+02
9.960417175292968750e+01
6.079406738281250000e+01
1.141739883422851562e+02
7.215703582763671875e+01
